010001010000000000100000011111111111111111111111111111111111111111001111111111110101111100000000000011111101111111111100000000011111111111100011111111111100011111111111100100010100000000001000000111111111111111111111111111111111111111110011111111111101011111000000000000111111011111111111000000000111111111111000111111111111000111111111111001000101000000000010000001111111111111111111111111111111111111111100111111111111010111110000000000001111110111111111110000000001111111111110001111111111110001111111111110
10111110000000000001111110111111111110000000001111111111110001111111111110001111111111110101111100000000000011111101111111111100000000011111111111100011111111111100011111111111100100010100000000001000000111111111111111111111111111111111111111110011111111111101011111000000000000111111011111111111000000000111111111111000111111111111000111111111111001000101000000000010000001111111111111111111111111111111111111111100111111111111010111110000000000001111110111111111110000000001111111111110001111111111110001111111111110
010001010000000000100000011111111111111111111111111111111111111111001111111111110101111100000000000011111101111111111100000000011111111111100011111111111100011111111111100100010100000000001000000111111111111111111111111111111111111111110011111111111101011111000000000000111111011111111111000000000111111111111000111111111111000111111111111001000101000000000010000001111111111111111111111111111111111111111100111111111111010111110000000000001111110111111111110000000001111111111110001111111111110001111111111110
10111110000000000001111110111111111110000000001111111111110001111111111110001111111111110101111100000000000011111101111111111100000000011111111111100011111111111100011111111111100100010100000000001000000111111111111111111111111111111111111111110011111111111101011111000000000000111111011111111111000000000111111111111000111111111111000111111111111001000101000000000010000001111111111111111111111111111111111111111100111111111111010111110000000000001111110111111111110000000001111111111110001111111111110001111111111110
010001010000000000100000011111111111111111111111111111111111111111001111111111110101111100000000000011111101111111111100000000011111111111100011111111111100011111111111100100010100000000001000000111111111111111111111111111111111111111110011111111111101011111000000000000111111011111111111000000000111111111111000111111111111000111111111111001000101000000000010000001111111111111111111111111111111111111111100111111111111010111110000000000001111110111111111110000000001111111111110001111111111110001111111111110
10111110000000000001111110111111111110000000001111111111110001111111111110001111111111110101111100000000000011111101111111111100000000011111111111100011111111111100011111111111100100010100000000001000000111111111111111111111111111111111111111110011111111111101011111000000000000111111011111111111000000000111111111111000111111111111000111111111111001000101000000000010000001111111111111111111111111111111111111111100111111111111010111110000000000001111110111111111110000000001111111111110001111111111110001111111111110
010001010000000000100000011111111111111111111111111111111111111111001111111111110101111100000000000011111101111111111100000000011111111111100011111111111100011111111111100100010100000000001000000111111111111111111111111111111111111111110011111111111101011111000000000000111111011111111111000000000111111111111000111111111111000111111111111001000101000000000010000001111111111111111111111111111111111111111100111111111111010111110000000000001111110111111111110000000001111111111110001111111111110001111111111110
10111110000000000001111110111111111110000000001111111111110001111111111110001111111111110101111100000000000011111101111111111100000000011111111111100011111111111100011111111111100100010100000000001000000111111111111111111111111111111111111111110011111111111101011111000000000000111111011111111111000000000111111111111000111111111111000111111111111001000101000000000010000001111111111111111111111111111111111111111100111111111111010111110000000000001111110111111111110000000001111111111110001111111111110001111111111110
010001010000000000100000011111111111111111111111111111111111111111001111111111110101111100000000000011111101111111111100000000011111111111100011111111111100011111111111100100010100000000001000000111111111111111111111111111111111111111110011111111111101011111000000000000111111011111111111000000000111111111111000111111111111000111111111111001000101000000000010000001111111111111111111111111111111111111111100111111111111010111110000000000001111110111111111110000000001111111111110001111111111110001111111111110
10111110000000000001111110111111111110000000001111111111110001111111111110001111111111110101111100000000000011111101111111111100000000011111111111100011111111111100011111111111100100010100000000001000000111111111111111111111111111111111111111110011111111111101011111000000000000111111011111111111000000000111111111111000111111111111000111111111111001000101000000000010000001111111111111111111111111111111111111111100111111111111010111110000000000001111110111111111110000000001111111111110001111111111110001111111111110
